%!PS-Adobe-2.0
%%Creator: "barcode", libbarcode sample frontend
%%DocumentPaperSizes: A4
%%EndComments
%%EndProlog

%%Page: 1 1

% Printing barcode for "PRUEBA-1.png", scaled  1.50, encoded using "code 128"
% The space/bar succession is represented by the following widths (space first):
% 02112143131212311312131311321131311231113231221321232211222311112422411121221141212412331112
[
%  height  xpos   ypos  width       height  xpos   ypos  width
   [105.03  11.50  24.97  2.84]      [105.03  15.24  24.97  1.35]
   [105.03  19.73  24.97  1.35]      [105.03  28.71  24.97  4.34]
   [105.03  34.70  24.97  4.34]      [105.03  39.94  24.97  2.84]
   [105.03  44.43  24.97  2.84]      [105.03  51.17  24.97  1.35]
   [105.03  55.66  24.97  4.34]      [105.03  60.90  24.97  2.84]
   [105.03  66.14  24.97  4.34]      [105.03  72.13  24.97  4.34]
   [105.03  76.62  24.97  1.35]      [105.03  83.35  24.97  2.84]
   [105.03  87.10  24.97  1.35]      [105.03  93.08  24.97  1.35]
   [105.03  99.07  24.97  1.35]      [105.03 102.81  24.97  2.84]
   [105.03 109.55  24.97  1.35]      [105.03 112.54  24.97  1.35]
   [105.03 119.28  24.97  2.84]      [105.03 126.02  24.97  1.35]
   [105.03 131.26  24.97  2.84]      [105.03 136.50  24.97  4.34]
   [105.03 142.49  24.97  1.35]      [105.03 148.47  24.97  4.34]
   [105.03 155.21  24.97  2.84]      [105.03 158.95  24.97  1.35]
   [105.03 164.19  24.97  2.84]      [105.03 170.93  24.97  4.34]
   [105.03 175.42  24.97  1.35]      [105.03 178.41  24.97  1.35]
   [105.03 185.15  24.97  5.84]      [105.03 192.63  24.97  2.84]
   [105.03 200.87  24.97  1.35]      [105.03 203.86  24.97  1.35]
   [105.03 208.35  24.97  1.35]      [105.03 213.59  24.97  2.84]
   [105.03 217.34  24.97  1.35]      [105.03 224.82  24.97  1.35]
   [105.03 229.31  24.97  1.35]      [105.03 236.05  24.97  5.84]
   [105.03 242.04  24.97  2.84]      [105.03 250.27  24.97  4.34]
   [105.03 254.76  24.97  1.35]      [105.03 258.50  24.97  2.84]

]	{ {} forall setlinewidth moveto 0 exch rlineto stroke} bind forall
[
%   char    xpos   ypos fontsize
    [(P)   26.47  10.00 17.96]
    [(R)   37.40  10.00  0.00]
    [(U)   48.32  10.00  0.00]
    [(E)   59.25  10.00  0.00]
    [(B)   70.18  10.00  0.00]
    [(A)   81.11  10.00  0.00]
    [(-)   92.04  10.00  0.00]
    [(1)  102.96  10.00  0.00]
    [(.)  113.89  10.00  0.00]
    [(p)  124.82  10.00  0.00]
    [(n)  135.75  10.00  0.00]
    [(g)  146.68  10.00  0.00]
]   { {} forall dup 0.00 ne {
	/Helvetica findfont exch scalefont setfont
    } {pop} ifelse
    moveto show} bind forall
% End barcode for "PRUEBA-1.png"

showpage
%%Trailer

